E9 3FN
534870
863703
2047
35214
84945
597597
3728
559465
73526
13318
55407
71127-805
12-826
8066
1975
5350
19260
0589 OU
299774
45621
28108
84035-080
367
167154
55526
90925
Z5899
782566
4891
86524
25607
1892
3510
254739
3912
131541
40803
267713
4247
98972
8668
9065
380250
B6Z 6H4
R8G 7J9
20178
45568-66303
8906 QW
6380
14846
60704
184307
05901-571
87-333
98848
81294
84292-96901
379591
15666
894156
15913
3830
5281
85225
242417
960579
8222
8534
23017
88953
323200
819747
5681 NV
61937-422
48503
94268
6359
334
21710
QM8 7YO
38553
Z0996
5266 EN
676410
51671
41937
174977
88009
320757
56222
27652
4528
979794
811991
220302
43098
87320
2779
2457
